reference	Ei1a	Ei2	Ei3	Ei4	Ei5	Ei6	Ei7	Ei8	Ei9	Ei10	Ei11	Ei12	Ei13	Ei14	Ei15	Ei16	Ei17	Ei18	Ei19	Ei20	Ei21	Ei22	Ei23	Ei24	Ei25	Ei26	Ei27	Ei28	Ei29	Ei30	Ei31	Ei32	Ei33	Ei34	Ei35	Ei36	Ei37	Ei38	Ei39																																		
Retentiontime	Area																																																																														
11.944	100	4.217	837	4.218	761	4.215	737	4.213	865	4.215	665	4.213	1529	4.214	954	4.212	844	4.214	2317	4.214	2034	4.212	901	4.213	875	25.319	867	4.212	797	4.213	1570	4.213	886	4.214	889	4.214	891	4.214	915	4.214	911	4.215	915	4.215	894	4.216	1065	4.215	731	4.216	1047	4.217	1080	4.217	1315	4.218	1137	4.011	118	4.017	136	4.217	1403	4.217	1140	4.215	1233	4.216	958	4.216	735	4.217	840	25.321	969	4.217	504	4.217	1414
26.957	100	4.801	145	4.802	103	5.577	560	4.798	135	5.287	106	4.798	211	4.797	141	4.796	143	4.269	158	4.798	298	4.796	150	4.797	173	26.199	223	4.796	129	4.798	232	4.796	203	4.800	141	4.799	130	4.798	118	4.798	152	4.800	136	4.799	108	4.801	173	4.799	138	4.800	159	4.802	163	4.801	245	4.803	197	4.218	1307	4.220	956	4.801	172	4.803	170	4.801	156	4.800	148	4.799	118	4.802	152	26.201	213	4.802	118	4.802	229
35.250	100	5.466	109	5.580	447	6.310	176	5.575	746	5.575	385	5.209	131	5.574	862	5.573	738	4.329	118	5.018	150	5.282	109	5.285	122	27.739	186	5.282	124	5.019	100	5.282	122	5.285	142	5.284	111	5.286	131	5.574	760	5.287	115	5.576	632	5.284	148	5.576	650	5.465	138	5.288	130	5.215	130	5.290	154	4.273	108	4.804	115	5.216	146	5.289	135	5.213	112	5.286	150	5.576	598	5.577	721	27.741	239	5.577	294	5.025	102
		5.576	980	6.309	240	9.708	307	6.306	278	6.306	200	5.283	200	6.307	256	6.305	351	4.799	344	5.090	137	5.572	843	5.573	813	28.056	298	5.573	561	5.089	114	5.461	108	5.574	753	5.463	120	5.574	806	6.307	228	5.575	782	6.308	283	5.464	113	6.309	174	5.577	1063	5.464	101	5.289	192	5.466	114	4.803	213	5.027	104	5.290	216	5.465	112	5.286	165	5.465	102	6.308	142	6.310	209	27.812	119	6.309	147	5.214	124
		6.309	470	9.599	141	10.464	137	9.706	432	9.594	109	5.462	159	9.704	513	9.704	429	5.018	147	5.208	190	6.306	266	6.305	219	28.153	158	6.306	265	5.207	168	5.573	882	6.308	205	5.574	793	6.305	274	9.704	539	6.304	314	9.594	196	5.576	979	9.707	356	6.309	436	5.577	979	5.466	152	5.578	1073	5.215	124	5.097	104	5.465	134	5.577	1130	5.464	147	5.576	894	9.707	327	9.707	456	28.058	265	9.705	1016	5.286	174
		9.705	710	9.709	1508	13.156	135	10.462	224	9.704	1273	5.574	1443	10.461	297	9.803	140	5.089	146	5.282	314	9.703	559	9.703	480	28.249	541	9.590	171	5.282	271	6.304	366	9.704	478	6.306	366	9.313	142	9.802	114	9.705	461	9.703	2220	6.307	467	10.464	156	9.706	765	6.310	375	5.577	1334	6.310	482	5.292	175	5.218	136	5.578	1101	6.310	381	5.576	1362	6.309	277	10.464	130	9.805	112	28.151	198	9.804	342	5.464	192
		9.803	162	9.806	567	14.866	143	11.950	203	9.802	451	6.307	590	10.554	107	10.461	249	5.209	222	5.462	309	9.801	126	9.801	105	28.336	346	9.701	2066	5.461	185	9.703	570	9.801	124	9.704	517	9.704	504	10.461	212	10.462	257	9.802	772	9.706	676	13.156	182	9.805	189	9.706	614	6.310	404	9.707	665	5.467	146	5.288	221	6.308	668	9.706	741	6.308	488	9.705	543	13.156	167	10.463	228	28.247	650	10.355	160	5.576	1761
		10.461	427	10.085	105	16.062	137	13.155	263	10.353	199	8.624	152	11.945	299	10.555	102	5.282	339	5.574	2614	10.458	279	10.459	215	28.466	829	9.799	704	5.572	1752	9.801	146	10.459	295	9.803	123	9.801	119	11.963	136	10.553	103	10.080	173	9.804	158	16.063	166	10.462	466	9.805	137	8.614	190	9.806	154	5.578	1351	5.579	632	8.618	219	9.805	164	8.615	183	9.803	135	16.066	181	13.156	256	28.337	379	10.460	876	6.308	541
		10.554	147	10.356	263	16.396	146	13.826	123	10.458	1093	9.704	1053	12.063	139	11.951	170	5.462	316	5.917	144	10.553	109	11.948	271	28.542	354	10.077	132	6.305	611	10.460	346	10.554	133	10.461	247	10.460	305	13.154	243	11.950	174	10.352	371	10.461	427	16.394	180	10.558	172	10.462	386	9.707	921	10.463	383	6.310	367	6.311	268	8.779	197	10.462	467	9.706	936	10.462	379	16.400	133	16.066	138	28.465	960	10.555	366	8.621	243
		10.861	122	10.462	1382	17.390	185	14.856	226	10.552	438	9.803	230	13.152	278	13.153	211	5.574	2944	6.187	130	11.947	266	12.065	129	28.604	904	10.350	350	8.616	267	10.552	134	11.948	198	11.954	154	10.554	128	16.066	109	12.068	121	10.457	1972	10.555	149	16.636	127	11.946	505	10.557	136	9.805	203	10.557	141	8.612	221	8.615	124	9.596	375	10.556	154	9.804	217	10.557	131	16.640	128	16.397	173	28.542	430	10.684	175	8.776	124
		11.944	480	10.555	580	17.463	128	16.058	250	10.678	265	10.353	116	13.825	137	14.871	204	5.916	152	6.306	817	13.152	316	13.153	244	28.667	770	10.455	1825	8.773	133	11.944	402	12.063	109	13.154	278	11.947	220	16.395	174	13.154	250	10.551	798	11.944	453	17.398	151	12.064	233	11.945	474	10.463	617	10.864	144	9.706	916	9.595	210	9.706	4474	11.942	547	10.355	116	11.946	403	18.597	267	17.402	194	28.604	522	12.068	236	9.594	132
		12.062	291	10.683	293	18.597	297	16.391	184	11.939	174	10.459	594	14.853	273	16.059	162	6.187	147	6.459	103	13.825	131	13.826	136	28.739	256	10.549	754	9.702	1166	12.060	182	13.152	287	16.073	113	13.154	259	17.400	134	13.826	101	10.677	582	12.063	282	18.596	318	13.154	449	12.063	294	10.556	203	11.947	379	9.805	207	9.706	2168	9.804	1543	12.061	316	10.462	673	12.064	338	19.089	218	18.599	185	28.669	862	13.079	156	9.704	1499
		13.154	408	11.942	241	19.087	220	16.631	241	12.057	383	10.552	208	16.057	281	16.391	208	6.306	1116	8.300	161	14.871	221	14.858	240	28.865	609	10.676	376	9.799	277	13.152	322	13.827	123	16.404	117	16.064	144	18.597	164	14.869	202	11.939	328	13.155	398	19.086	251	13.826	199	13.154	345	10.864	122	12.065	183	10.461	608	9.804	755	10.083	305	13.153	364	10.555	218	13.155	300	19.724	182	19.088	152	28.741	303	13.151	1264	9.802	321
		13.375	146	12.061	405	19.653	114	17.384	231	13.078	188	11.938	801	16.390	190	16.631	115	6.461	118	8.616	359	16.059	173	16.057	198	28.943	182	11.938	332	10.351	133	13.825	152	14.864	213	18.601	144	16.397	181	19.089	122	16.060	252	12.058	623	13.825	178	19.656	124	14.851	382	13.825	211	11.939	868	13.155	384	10.555	197	10.082	183	10.355	751	13.561	192	11.939	902	13.827	148	20.861	225	19.660	110	28.867	670	13.277	270	10.354	149
		13.557	273	13.081	249	19.717	274	17.459	163	13.150	1507	12.057	133	16.629	331	17.387	147	7.783	182	8.772	176	16.393	205	16.388	217	29.065	448	12.057	562	10.457	753	14.847	309	16.060	166	19.094	124	17.397	168	19.721	148	16.396	161	13.077	444	14.852	335	19.718	314	16.058	218	14.846	463	12.060	539	13.826	218	11.938	874	10.354	396	10.460	3996	13.826	199	12.059	601	14.854	286	20.998	137	19.720	183	28.943	164	13.365	254	10.458	907
		13.824	201	13.154	1996	20.862	279	18.596	310	13.277	293	13.151	578	17.383	248	18.592	339	8.300	208	9.593	167	16.634	112	16.632	256	29.266	209	13.075	316	10.549	241	16.057	183	16.390	195	20.864	120	18.597	194	20.861	172	16.636	154	13.149	2784	16.058	230	20.861	343	16.389	293	14.934	169	13.083	102	14.852	468	12.058	502	10.459	1933	10.554	1658	14.844	518	13.154	543	16.056	270	21.295	234	20.639	151	29.066	505	13.471	233	10.552	323
		14.843	559	13.279	407	21.296	259	19.085	222	13.364	298	13.821	309	17.458	160	19.084	291	8.616	544	9.703	1888	17.389	184	17.385	249	35.251	548	13.148	2609	10.634	135	16.390	220	17.385	219	20.999	116	19.088	119	21.296	158	17.395	224	13.275	539	16.391	275	21.295	317	16.633	240	16.056	382	13.154	660	14.932	111	13.153	540	10.553	797	10.679	964	14.932	120	13.550	277	16.389	278	21.474	219	20.861	171	29.270	264	13.748	186	10.861	133
		14.929	213	13.367	399	21.473	264	19.653	101	13.469	273	14.829	791	18.595	371	19.299	106	8.771	210	9.800	428	18.595	217	17.458	154			13.273	547	10.673	128	17.378	270	18.594	243	21.298	166	19.658	106	21.766	361	17.467	150	13.362	511	16.632	164	21.474	288	17.383	351	16.390	257	13.374	116	16.057	408	13.549	226	10.632	118	11.937	922	16.056	358	13.822	280	16.629	332	21.765	463	21.296	177	35.255	690	13.820	764	11.935	1201
		16.055	384	13.472	352	21.767	609	19.715	265	13.541	191	14.923	182	19.084	252	19.651	138	9.029	101	10.079	104	19.086	158	18.593	375			13.360	499	11.933	1161	17.455	103	19.083	159	21.773	247	19.720	151	22.129	109	18.596	307	13.469	505	17.381	339	21.766	718	17.459	147	16.629	418	13.548	258	16.391	279	13.821	261	10.678	450	12.058	1372	16.390	367	14.830	766	17.383	305	21.986	119	21.765	413			13.957	188	12.058	640
		16.386	338	13.544	170	22.131	208	20.860	232	13.747	216	16.054	333	19.650	113	19.716	330	9.591	182	10.351	209	19.654	122	19.083	315			13.466	472	12.054	490	18.594	215	19.650	124	22.131	106	20.861	161	23.297	167	19.087	228	13.539	364	17.458	140	22.129	226	18.595	307	17.381	303	13.822	344	16.630	416	14.829	896	11.937	350	13.080	728	16.630	393	14.924	187	17.458	177	22.128	167	22.130	158			14.088	225	13.078	100
		16.627	417	13.750	280	22.909	196	20.997	215	13.819	956	16.386	376	19.714	299	20.860	373	9.702	2040	10.458	1157	19.718	181	19.301	115			13.539	286	13.077	168	19.084	169	19.714	202	23.298	132	20.998	117	23.640	554	19.719	235	13.746	424	18.595	317	22.907	188	19.085	216	17.456	192	14.826	839	17.382	355	14.923	249	12.057	676	13.151	5667	17.379	389	16.054	429	18.592	554	22.907	140	23.297	176			14.319	121	13.150	828
		17.377	428	13.821	1216	22.982	128	21.295	232	13.955	282	16.628	292	20.484	101	20.996	147	9.801	433	10.551	400	20.860	168	19.651	166			13.745	366	13.149	776	19.650	132	20.859	181	23.643	349	21.296	157	24.519	628	20.859	231	13.818	1704	19.084	218	23.298	382	19.652	175	18.593	448	14.920	222	17.459	209	16.054	388	13.079	333	13.277	1199	17.456	212	16.386	437	19.083	453	23.296	275	23.642	521			14.967	110	13.372	222
		17.453	259	13.958	480	23.300	279	21.468	293	14.082	347	17.373	489	20.860	275	21.179	124	10.349	195	10.626	272	20.998	144	19.714	376			13.816	1614	13.370	150	19.713	224	20.996	159	24.526	232	21.765	345	24.601	106	21.293	239	13.955	682	19.651	173	23.366	165	19.715	262	19.084	338	16.053	547	18.594	476	16.387	373	13.151	2672	13.364	1120	18.594	688	16.626	492	19.188	139	23.639	594	24.521	486			16.056	575	13.469	108
		18.590	645	14.085	440	23.367	120	21.764	504	14.315	149	17.450	205	20.998	211	21.234	106	10.457	1159	10.675	321	21.295	167	20.859	386			13.954	522	13.540	208	20.858	183	21.293	196	25.317	708	23.297	144	25.125	108	21.471	296	14.079	666	19.715	285	23.640	949	20.637	189	19.311	152	16.387	360	19.085	369	16.627	451	13.277	537	13.469	1051	19.083	684	17.373	538	19.298	172	24.520	504	24.603	113			16.632	518	13.546	297
		19.082	554	14.318	230	23.642	709	22.128	176	14.841	155	18.594	431	21.294	291	21.293	542	10.549	374	10.861	231	21.765	400	20.997	235			13.989	127	13.747	140	20.995	100	21.471	130	25.364	514	23.640	421	25.314	834	21.764	499	14.217	114	20.637	195	24.521	621	20.860	241	19.649	157	16.627	655	19.305	160	17.375	481	13.365	513	13.539	794	19.190	187	17.450	271	19.649	229	25.126	137	25.317	814			16.759	101	13.819	444
		19.185	149	14.836	260	24.521	844	22.909	166	14.931	255	19.084	281	21.469	369	21.373	128	10.629	179	11.932	1601	22.128	149	21.179	127			14.079	553	13.818	491	21.292	204	21.762	482	26.196	187	24.522	381	25.362	635	22.129	126	14.313	261	20.860	240	25.126	261	20.997	298	19.713	365	16.754	130	19.651	164	17.452	220	13.469	463	13.661	166	19.301	201	18.592	797	19.714	561	25.315	847	25.365	625			17.465	189	14.085	150
		19.298	233	14.929	358	25.127	137	23.296	275	16.053	678	19.309	107	21.764	566	21.470	408	10.674	269	12.054	522	22.907	100	21.294	393			14.218	129	14.079	162	21.469	133	22.126	151	26.542	281	25.316	751	25.681	114	22.907	152	14.821	382	20.997	125	25.317	828	21.295	264	20.484	103	17.020	131	19.715	384	18.592	637	13.538	343	13.748	845	19.650	296	19.083	717	20.483	117	25.363	799	25.683	121			18.593	568	14.833	1106
		19.647	331	16.013	102	25.317	704	23.364	116	16.397	196	19.647	259	21.984	110	21.764	742	10.860	340	13.077	160	23.295	179	21.470	362			14.313	216	14.818	1237	21.762	481	22.904	119	26.961	475	25.364	539	26.192	220	23.296	218	14.917	530	21.294	256	25.365	1039	21.470	137	20.637	199	17.373	526	20.861	346	19.082	544	13.748	407	13.819	3491	19.714	700	19.185	202	20.859	564	26.193	203	26.195	232			19.085	452	14.921	323
		19.711	730	16.055	876	25.365	851	23.639	711	16.626	626	19.712	429	22.127	218	21.986	106	11.931	1909	13.149	1139	23.639	534	21.762	855			14.836	313	14.916	271	22.126	155	23.295	195	27.348	145	26.195	199	26.540	208	23.639	678	16.008	136	21.473	166	26.195	220	21.763	605	20.860	368	17.450	313	20.997	404	19.186	138	13.818	1666	13.955	1213	20.484	137	19.297	255	20.995	328	26.540	311	26.541	189			19.186	121	16.054	475
		20.478	181	16.177	127	26.196	207	24.517	955	16.756	121	19.782	156	22.907	155	22.128	276	12.053	556	13.371	208	24.520	660	21.986	130			14.925	464	15.620	132	22.905	118	23.638	580	27.737	190	26.542	136	26.700	130	24.520	552	16.052	1115	21.763	569	26.542	288	22.126	198	20.996	349	18.592	601	21.178	100	19.302	211	13.956	512	13.992	353	20.861	727	19.646	398	21.179	207	26.700	100	26.701	114			19.302	130	16.388	450
		20.635	133	16.394	242	26.542	213	25.126	184	17.374	131	20.859	340	23.296	208	22.908	256	12.242	118	13.469	133	24.602	102	22.126	303			16.006	110	16.050	770	23.294	182	24.518	591	28.058	195	26.960	520	26.958	712	25.127	125	16.173	157	22.128	182	26.958	1048	22.907	182	21.179	118	19.082	455	21.294	372	19.646	337	13.993	168	14.080	1357	20.942	112	19.710	910	21.237	170	26.958	830	26.959	647			19.717	433	16.629	380
		20.858	806	16.629	823	26.961	806	25.314	941	17.451	280	20.998	256	23.639	662	22.977	153	13.075	103	13.537	289	25.125	156	22.905	268			16.050	1107	16.383	555	23.637	638	25.125	169	28.151	141	27.344	208	27.343	376	25.315	803	16.389	361	22.675	214	27.342	535	23.297	305	21.294	343	19.186	115	21.469	464	19.711	683	14.081	581	14.218	266	20.996	339	19.781	185	21.294	790	27.345	229	27.344	224			20.629	677	17.380	684
		20.940	118	16.756	164	27.347	133	25.363	840	18.592	567	21.179	127	24.519	597	23.295	378	13.148	1039	13.746	139	25.315	830	22.981	158			16.172	176	16.623	891	24.516	693	25.314	799	28.247	464	27.732	229	27.730	307	25.363	750	16.625	1003	22.721	146	27.735	302	23.365	117	21.467	396	19.305	165	21.763	727	20.479	184	14.219	123	14.314	554	21.181	262	20.479	176	21.372	238	27.732	317	27.733	311			20.860	451	17.454	232
		20.995	647	16.880	131	27.736	244	26.191	261	19.083	412	21.236	139	25.127	128	23.364	150	13.275	106	13.818	592	25.364	711	23.295	424			16.246	150	16.748	185	25.126	103	25.363	705	28.337	253	28.055	255	28.055	210	25.682	109	16.751	201	22.906	224	27.811	103	23.449	120	21.764	720	19.647	228	21.985	155	20.859	664	14.315	497	14.821	900	21.237	227	20.633	160	21.467	605	28.054	219	28.054	319			20.996	239	18.593	465
		21.178	308	17.023	114	28.058	243	26.540	234	19.301	169	21.293	416	25.315	767	23.450	105	13.370	198	13.955	204	25.682	115	23.365	172			16.387	301	16.872	120	25.313	917	25.681	108	28.442	1222	28.151	165	28.148	173	26.193	222	16.875	159	22.983	140	28.057	309	23.638	947	21.984	154	19.711	528	22.128	223	20.996	599	14.822	463	14.918	1033	21.294	1013	20.859	824	21.763	1238	28.151	160	28.152	222			21.181	126	19.084	345
		21.234	297	17.380	179	28.153	168	26.958	835	19.712	481	21.376	187	25.364	633	23.638	999	13.467	137	14.079	177	26.193	213	23.448	140			16.623	1083	17.011	201	25.362	741	26.191	204	28.541	387	28.247	506	28.247	507	26.541	207	17.019	189	23.296	260	28.150	203	24.517	1305	22.128	255	20.480	136	22.907	190	21.179	255	14.919	571	16.007	284	21.372	209	20.941	133	21.985	166	28.246	522	28.245	578			21.293	460	19.311	116
		21.293	1145	17.455	359	28.250	531	27.343	199	20.630	160	21.468	286	25.682	129	24.518	889	13.534	297	14.816	1803	26.539	323	23.639	1129			16.751	202	17.366	744	26.191	237	26.539	286	28.601	984	28.338	280	28.334	294	26.700	117	17.372	253	23.365	112	28.249	601	24.602	122	22.905	271	20.640	128	22.983	125	21.233	216	16.009	109	16.051	2322	21.469	699	20.996	507	22.125	427	28.337	337	28.337	319			21.476	245	19.653	278
		21.371	364	18.595	739	28.339	307	27.730	371	20.860	407	21.762	760	26.192	224	24.772	122	13.746	158	14.915	302	26.958	811	24.517	716			16.873	141	17.444	433	26.540	219	26.959	711	28.663	664	28.443	1261	28.439	1578	26.958	770	17.448	436	23.640	777	28.341	341	25.126	264	22.982	160	20.859	443	23.296	323	21.294	897	16.052	1180	16.173	384	21.764	1444	21.179	272	22.666	167	28.441	1627	28.442	1528			21.764	893	19.716	374
		21.464	1033	19.086	498	28.443	1592	28.055	265	20.996	275	22.127	227	26.540	227	25.126	263	13.817	574	16.050	637	27.341	366	25.126	287			17.378	210	17.605	164	26.959	772	27.341	397	28.738	264	28.542	352	28.539	403	27.342	353	18.591	839	24.518	709	28.442	1913	25.186	114	23.297	332	20.995	653	23.366	108	21.372	274	16.173	162	16.247	271	21.986	198	21.234	238	22.906	496	28.541	398	28.541	406			22.128	311	20.860	346
		21.552	187	19.191	148	28.546	369	28.150	141	21.177	138	22.907	233	26.959	667	25.187	135	13.953	186	16.382	625	27.732	325	25.185	136			17.452	401	18.589	915	27.340	413	27.729	313	28.862	494	28.601	1017	28.600	1032	27.732	294	19.082	624	24.600	104	28.543	424	25.314	1000	23.367	141	21.178	168	23.639	924	21.464	822	16.387	491	16.284	101	22.127	426	21.293	1119	22.979	296	28.601	678	28.601	790			22.648	489	20.996	313
		21.706	340	19.303	158	28.603	1150	28.248	481	21.231	133	22.984	169	27.344	236	25.315	655	14.078	212	16.623	668	28.054	216	25.314	796			18.590	794	19.080	751	27.731	345	28.057	198	28.942	116	28.664	651	28.662	716	28.059	196	19.187	162	25.126	182	28.602	1039	25.364	1248	23.451	141	21.233	140	24.519	630	21.708	196	16.484	103	16.340	157	22.907	548	21.373	246	23.146	193	28.664	751	28.663	731			22.907	272	21.180	104
		21.761	1886	19.716	552	28.667	648	28.339	248	21.294	558	23.296	389	27.731	282	25.364	1104	14.813	2026	16.750	139	28.148	168	25.363	1228			19.081	637	19.184	205	28.052	317	28.144	139	29.062	399	28.738	263	28.735	248	28.153	140	19.296	207	25.314	766	28.663	764	25.681	191	23.639	912	21.293	579	24.773	122	21.762	1542	16.625	1206	16.386	917	22.981	319	21.465	898	23.216	112	28.736	272	28.738	270			22.980	161	21.293	361
		21.983	260	20.863	508	28.740	226	28.442	1890	21.375	204	23.365	160	28.055	281	25.682	110	14.913	292	17.015	143	28.245	474	26.192	208			19.185	170	19.309	366	28.150	194	28.246	429	29.261	226	28.862	503	28.860	565	28.248	501	19.646	113	25.364	822	28.737	260	26.190	254	24.520	658	21.375	177	24.835	104	21.985	213	16.750	297	16.484	266	23.147	198	21.707	247	23.295	633	28.860	569	28.861	585			23.297	439	21.477	146
		22.124	536	21.000	241	28.863	504	28.544	340	21.470	344	23.450	126	28.150	145	26.194	168	15.040	173	17.365	955	28.336	269	26.540	301			19.296	222	19.643	370	28.245	522	28.338	222	29.822	606	28.940	109	28.938	125	28.338	286	19.711	701	25.681	163	28.864	563	26.540	406	24.601	110	21.463	679	25.127	244	22.125	513	16.875	195	16.624	2302	23.219	124	21.763	1804	23.365	267	28.939	111	28.939	135			23.362	177	21.765	813
		22.657	732	21.183	140	29.061	411	28.601	1164	21.763	840	23.639	1028	28.248	479	26.540	263	15.638	282	17.444	342	28.440	1723	26.805	106			19.711	653	19.708	862	28.337	310	28.440	1562	31.257	551	29.059	393	29.057	438	28.442	1563	20.637	165	26.192	196	28.940	109	26.700	168	25.127	157	21.761	912	25.187	110	22.668	456	17.018	315	16.751	461	23.296	695	21.984	231	23.447	197	29.058	462	29.059	461			23.450	137	22.127	291
		22.716	297	21.241	104	29.145	129	28.663	679	22.127	311	24.516	1371	28.339	269	26.958	1147	16.050	854	18.590	640	28.540	323	26.958	1235			20.858	594	19.785	208	28.441	1759	28.541	342	33.039	441	29.144	161	29.141	259	28.542	393	20.858	605	26.539	260	29.060	476	26.805	111	25.316	851	21.984	192	25.315	832	22.720	441	17.082	115	16.874	316	23.364	289	22.125	579	23.637	1638	29.141	219	29.142	194			23.639	1106	22.907	225
		22.905	587	21.297	575	29.259	168	28.737	259	22.908	234	24.602	160	28.442	1605	27.343	487	16.220	110	19.080	437	28.600	1040	27.340	529			20.993	343	20.475	225	28.541	411	28.600	1154	33.094	282	29.257	200	29.257	238	28.600	1026	20.994	297	26.958	855	29.144	188	26.959	1511	25.365	928	22.125	325	25.364	1033	22.907	437	17.136	133	17.016	409	23.447	177	22.665	607	23.806	115	29.257	226	29.255	197			24.518	718	23.149	204
		22.979	361	21.381	116	29.823	857	28.861	533	22.980	142	24.773	117	28.540	355	27.731	261	16.382	1001	19.184	108	28.662	640	27.728	347			21.179	182	20.642	148	28.599	1051	28.662	584	35.252	3649	29.821	618	29.364	109	28.663	683	21.179	209	27.340	481	29.258	222	27.339	1025	25.684	130	22.906	303	26.194	200	22.981	262	17.368	328	17.088	147	23.639	1890	22.718	287	24.516	1254	29.363	102	29.365	104			24.773	130	23.296	376
		23.216	119	21.476	163	31.260	803	28.940	108	23.296	391	24.831	120	28.600	1028	28.057	163	16.621	1128	19.296	168	28.737	141	28.056	275			21.292	585	20.856	764	28.661	791	28.737	190	35.397	226	31.254	542	29.820	916	28.737	222	21.233	180	27.728	314	29.364	110	27.718	499	26.194	241	22.980	187	26.542	296	23.296	693	17.447	581	17.137	208	23.808	118	22.907	659	24.601	151	29.820	931	29.821	703			24.836	171	23.365	142
		23.296	881	21.767	929	32.937	126	29.058	440	23.365	195	25.127	273	28.662	602	28.146	145	16.748	212	19.641	430	28.861	539	28.148	183			21.470	320	20.994	950	28.736	264	28.860	452	35.604	2619	32.908	411	30.151	133	28.861	504	21.292	827	28.054	240	29.821	1076	28.055	243	26.542	256	23.142	142	26.960	1006	23.364	284	18.591	1259	17.369	524	24.517	1071	22.980	382	24.771	207	30.505	121	30.152	152			25.126	308	23.451	130
		23.363	375	22.131	358	33.042	615	29.143	303	23.451	116	25.187	111	28.738	145	28.247	448	16.872	143	19.708	660	28.938	115	28.247	502			21.762	1181	21.177	221	28.860	610	28.938	106			33.038	243	30.508	184	28.938	113	21.373	224	28.153	159	31.257	939	28.139	199	26.701	151	23.295	433	27.343	445	23.449	205	18.693	142	17.447	907	24.771	231	23.147	272	24.832	151	31.254	815	30.504	122			25.188	135	23.640	1094
		23.448	255	22.912	251	33.097	251	29.257	187	23.639	960	25.314	952	28.859	538	28.336	280	17.362	1191	19.778	184	29.057	455	28.337	289			22.125	416	21.232	207	28.938	147	29.057	373			35.253	3546	31.252	845	29.059	430	21.469	422	28.248	414	32.929	250	28.250	491	26.959	872	23.363	173	27.734	297	23.638	2260	18.851	120	18.303	126	24.834	196	23.219	142	25.047	127	32.903	477	30.626	329			25.315	831	24.520	648
		23.637	2474	23.301	456	34.169	123	29.820	951	24.516	1118	25.364	1223	28.940	140	28.440	1867	17.442	550	20.475	128	29.142	263	28.439	2035			22.906	428	21.291	830	29.057	484	29.141	267			35.397	282	32.898	629	29.141	217	21.761	1218	28.339	218	33.037	493	28.341	258	27.342	443	23.449	131	28.059	228	23.695	308	19.082	1117	18.590	1846	25.047	109	23.296	841	25.124	479	33.037	710	31.252	604			25.364	1264	24.919	142
		23.800	172	23.367	198	35.261	5204	30.161	120	24.773	132	25.682	256	29.058	414	28.542	311	18.590	1463	20.637	204	29.256	204	28.540	367			22.979	263	21.371	294	29.141	288	29.255	179			35.604	2292	33.037	776	29.256	203	22.125	430	28.440	1789	35.255	6761	28.440	2568	27.651	151	23.638	1221	28.149	152	23.801	148	19.135	148	18.691	263	25.125	484	23.366	353	25.186	184	33.098	173	32.904	488			26.191	185	25.126	280
		23.925	102	23.452	113	35.397	368	30.504	241	24.830	113	26.190	272	29.142	194	28.600	1131	18.690	157	20.857	458	29.819	988	28.600	1093			23.295	547	21.461	1024	29.257	232	29.364	122			38.640	102	33.090	212	29.364	127	22.906	338	28.542	348	35.396	438	28.543	402	27.733	290	24.516	1071	28.251	476	24.517	1807	19.186	293	18.746	156	25.185	213	23.449	240	25.314	883	35.254	5131	33.035	564			26.541	218	25.184	133
		24.515	1542	23.643	1028	35.608	3277	30.742	192	25.126	288	26.539	432	29.256	211	28.660	614	18.847	185	20.993	410	30.505	163	28.661	678			23.365	237	21.703	164	29.365	137	29.820	855					33.767	123	29.821	827	22.980	207	28.600	1100	35.602	4007	28.601	1095	28.056	197	24.773	134	28.338	274	24.600	314	19.299	393	18.852	101	25.316	806	23.515	132	25.363	1955	35.392	426	33.093	337			26.804	102	25.314	1275
		24.600	127	24.520	887			31.255	854	25.187	118	26.700	193	29.365	101	28.737	233	18.926	218	21.175	193	31.254	917	28.739	243			23.448	155	21.759	1479	29.820	980	30.152	185					35.254	5494	30.151	130	23.293	543	28.662	594	38.634	267	28.663	654	28.151	165	24.831	150	28.443	1717	24.773	200	19.399	122	18.929	245	25.362	1895	23.639	2489	25.681	132	35.602	2876	35.250	4503			26.958	1180	25.363	1267
		24.770	292	25.130	298			32.024	150	25.315	1112	26.959	1334	29.821	751	28.863	423	19.020	126	21.229	211	32.915	546	28.860	509			23.639	1415	21.981	309	30.153	166	30.506	185					35.390	511	30.504	134	23.361	237	28.739	229			28.737	224	28.251	522	25.048	123	28.545	352	24.833	145	19.645	181	18.972	118	26.192	203	23.803	205	26.189	357	38.641	203	35.394	353			27.341	584	26.194	383
		24.831	178	25.192	127			32.090	152	25.364	1112	27.340	526	30.161	102	28.940	113	19.080	1443	21.291	657	33.037	841	28.938	103			24.516	965	22.123	483	30.505	200	31.253	904					35.601	2940	31.254	827	23.446	159	28.861	451			28.862	495	28.340	275	25.128	368	28.603	942	25.050	159	19.709	1058	19.025	134	26.483	103	23.928	101	26.538	496			35.599	2733			27.731	334	26.538	650
		25.048	165	25.319	715			32.906	595	26.191	284	27.649	102	30.504	123	29.059	345	19.130	183	21.374	249	33.094	356	29.056	414			24.773	172	22.206	152	31.253	908	32.024	184					38.632	162	32.926	468	23.635	1398	29.057	379			28.941	100	28.442	1615	25.185	151	28.663	605	25.126	542	20.477	164	19.081	1654	26.541	577	24.516	1672	26.805	145							28.056	267	26.702	102
		25.124	660	25.368	1137			33.038	589	26.541	219	27.725	420	31.255	645	29.142	176	19.183	418	21.464	477	35.254	5342	29.141	247			24.834	181	22.668	202	32.903	654	32.086	174							33.036	705	23.800	112	29.142	312			29.059	403	28.540	476	25.315	1018	28.740	218	25.186	244	20.629	668	19.132	189	26.747	264	24.602	124	26.860	142							28.144	178	26.957	1231
		25.184	243	26.196	153			33.348	175	26.805	124	28.055	347	32.919	352	29.256	162	19.295	570	21.704	167	35.394	474	29.254	202			25.126	377	22.720	160	33.034	509	32.319	146							33.094	301	24.514	1069	29.256	190			29.143	553	28.602	983	25.364	1403	28.863	470	25.315	863	20.700	169	19.186	458	26.807	247	24.772	274	26.958	2018							28.248	480	27.341	484
		25.257	101	26.546	207			33.779	120	26.959	1121	28.148	298	33.039	590	29.364	115	19.397	168	21.759	1253	35.597	2993	29.820	1256			25.187	157	22.904	472	34.154	167	32.729	105							34.158	180	24.769	139	29.364	110			29.257	204	28.663	677	25.683	132	29.061	378	25.364	2819	20.761	162	19.297	567	26.862	170	24.832	339	27.339	1104							28.342	265	27.649	154
		25.313	1414	26.809	104			35.258	5349	27.341	290	28.247	613	33.092	304	29.820	1199	19.530	106	22.123	364	38.630	179	30.152	100			25.315	923	22.978	286	35.253	5312	32.910	972							35.251	4950	24.831	153	29.820	1000			29.365	112	28.740	227	26.192	256	29.143	248	25.683	164	20.859	1055	19.399	190	26.958	1819	24.918	130	27.719	529							28.439	1926	27.734	388
		25.362	2557	26.963	1061			35.397	457	27.733	416	28.333	343	35.258	4198	31.256	1103	19.641	860	22.666	277	39.263	110	30.506	139			25.362	1606	23.295	657	35.391	468	33.037	810							35.390	400	25.048	101	30.160	152			29.821	1990	28.862	517	26.541	410	29.259	170	26.076	117	20.942	140	19.646	249	27.340	870	25.048	172	28.055	321							28.540	368	27.809	157
		25.680	110	27.347	313			35.605	2634	27.813	106	28.441	2577	35.397	340	33.038	847	19.706	1833	22.720	237			31.252	1123			26.192	218	23.363	270	35.602	3123	33.091	272							35.602	2995	25.124	388	30.503	260			29.996	194	28.942	103	26.702	121	29.367	105	26.178	1163	20.996	651	19.710	1471	27.732	359	25.127	640	28.141	245							28.600	661	28.001	128
		26.076	118	27.659	245					28.054	330	28.541	430	35.600	2514	33.100	185	19.786	403	22.905	332			33.032	875			26.541	255	23.449	319	38.637	242	33.342	109									25.184	170	30.626	448			30.164	233	29.060	442	26.807	106	29.822	1058	26.484	106	21.178	364	20.479	138	28.058	316	25.187	259	28.247	664							28.663	621	28.053	532
		26.191	366	27.739	516					28.147	198	28.600	1251			35.252	7052	20.158	114	22.980	226			33.092	363			26.803	118	23.637	1806			33.762	258									25.312	850	31.254	1051			30.504	466	29.143	263	26.959	1390	30.158	154	26.538	529	21.231	333	20.636	102	28.140	234	25.315	987	28.335	398							28.738	273	28.148	293
		26.483	144	27.961	183					28.245	707	28.663	746			35.396	527	20.473	526	23.143	231			34.598	114			26.860	114	23.799	162			34.148	150									25.361	1536	32.027	240			30.619	1132	29.257	205	27.341	869	30.507	152	26.699	183	21.293	1324	20.859	1317	28.247	599	25.365	2485	28.439	2988							28.861	457	28.245	916
		26.537	710	28.067	124					28.338	383	28.737	232			35.599	4104	20.542	114	23.216	107			35.248	7452			26.956	1644	24.514	1373			35.252	5596									25.681	104	32.085	191			31.254	2026	29.366	192	27.724	436	30.630	371	26.753	133	21.375	474	20.941	249	28.346	378	25.682	138	28.540	492							28.939	101	28.334	550
		26.802	192	28.153	266					28.440	2092	28.861	553			38.632	206	20.759	178	23.294	582			35.388	609			27.049	113	24.601	297			35.393	571									26.188	174	32.307	191			32.020	440	29.823	865	28.056	249	31.256	946	26.806	198	21.469	729	20.995	655	28.441	3217	26.073	139	28.600	804							29.058	367	28.440	2761
		26.859	162	28.252	692					28.541	475	28.938	116					20.857	1736	23.362	233			35.594	4461			27.338	850	24.771	210			35.597	3110									26.540	336	32.900	957			32.086	448	30.153	232	28.147	189	32.904	712	26.864	153	21.555	119	21.178	447	28.542	455	26.193	238	28.661	805							29.142	286	28.539	728
		26.957	2601	28.293	714					28.600	1409	29.058	459					20.938	379	23.448	179			38.628	283			27.727	427	24.831	218													26.805	144	33.037	1025			32.303	576	30.506	138	28.249	511	33.040	943	26.959	3067	21.702	206	21.231	406	28.600	905	26.485	125	28.737	297							29.256	178	28.599	620
		27.048	126	28.334	704					28.661	938	29.142	392					20.993	1309	23.636	1772							28.055	307	25.050	126													26.861	128	33.091	447			32.897	2325	30.632	373	28.339	314	33.098	410	27.339	1277	21.762	1985	21.293	1695	28.663	673	26.539	811	28.860	602							29.364	128	28.662	1277
		27.103	141	28.444	1675					28.738	373	29.256	197					21.177	609	23.796	186							28.145	213	25.125	464													26.956	1564	33.347	105			33.037	2078	30.971	140	28.439	3151	35.255	6727	27.432	122	22.125	806	21.371	407	28.739	264	26.806	194	28.938	156							29.819	1162	28.736	463
		27.337	1245	28.546	544					28.860	729	29.365	123					21.228	611	24.513	2094							28.248	604	25.184	197													27.337	993	35.255	6095			33.095	365	31.255	758	28.543	448	35.397	569	27.714	1325	22.652	954	21.471	724	28.862	506	26.863	166	29.058	490							30.160	137	28.859	1000
		27.647	118	28.604	1270					28.937	174	29.821	1627					21.292	2106	24.600	207							28.336	346	25.313	1065													27.726	370	35.389	606			33.344	416	31.885	134	28.601	1038	35.602	4001	28.057	337	22.718	279	21.553	158	28.938	113	26.959	2574	29.141	386							30.505	183	28.938	303
		27.729	561	28.666	490					29.057	582	30.164	197					21.372	837	24.771	188							28.438	2459	25.362	1904													28.053	182	35.600	3723			33.769	289	32.918	804	28.662	716	38.641	280	28.143	264	22.906	794	21.703	256	29.059	433	27.052	149	29.255	245							30.610	704	29.057	796
		27.810	137	28.742	212					29.141	284	30.506	292					21.459	2204	24.830	247							28.540	424	25.681	414													28.146	174					34.139	404	33.039	700	28.738	229			28.251	689	22.979	518	21.762	2518	29.143	260	27.108	141	29.365	152							31.252	953	29.139	219
		27.955	103	28.866	440					29.254	253	31.053	125					21.549	434	25.047	133							28.599	1104	26.189	275													28.246	474					34.583	123	33.096	357	28.860	534			28.347	338	23.141	225	21.894	134	29.256	193	27.340	850	29.820	1995							32.897	712	29.256	394
		28.001	145	29.065	395					29.363	147	31.169	212					21.597	147	25.125	474							28.661	755	26.482	107													28.340	293					35.256	11633	34.163	274	28.939	123			28.441	3930	23.217	174	22.124	821	29.364	141	27.729	480	29.999	153							33.035	586	29.364	192
		28.054	609	29.260	177					29.821	1151	31.255	1748					21.703	898	25.186	199							28.738	334	26.537	583													28.439	2384					35.394	1306	35.256	5481	29.057	432			28.545	434	23.296	958	22.662	685	29.820	2047	28.059	332	30.154	133							33.336	121	29.819	1434
		28.142	397	29.825	1142					30.156	218	32.023	248					21.759	3549	25.312	1405							28.859	565	26.698	533													28.542	367					35.602	5824	35.395	429	29.141	434			28.602	1161	23.363	401	22.722	235	30.150	144	28.137	278	30.504	242							33.768	119	30.144	172
		28.243	1015	31.258	946					30.506	212	32.090	288					21.981	467	25.362	2183							28.937	119	26.753	109													28.599	1135					36.853	718	35.608	3381	29.256	198			28.662	667	23.448	278	22.907	855	30.505	130	28.248	681	30.621	273							35.250	7750	30.969	144
		28.334	636	32.937	132					30.665	197	32.909	949					22.122	1143	25.681	343							29.057	483	26.803	240													28.659	616					38.635	757			29.365	138			28.740	276	23.638	2455	22.979	508	31.055	187	28.346	405	31.051	146							35.389	425	31.252	1353
		28.438	4336	33.046	716					30.738	307	33.037	1418					22.668	168	26.070	181							29.139	371	26.862	232													28.739	251					43.191	214			29.821	1510			28.860	588	23.800	193	23.217	143	31.254	1949	28.440	3503	31.252	1826							35.602	2049	31.884	138
		28.538	768	33.107	150					30.972	152	33.095	555					22.719	275	26.187	417							29.254	222	26.957	2102													28.860	442									30.161	224			28.940	240	23.927	127	23.295	1084	33.038	1596	28.543	485	32.087	171							36.844	119	32.929	139
		28.597	704	34.172	117					31.254	950	33.774	237					22.905	1085	26.486	134							29.360	151	27.048	115													29.056	382									30.506	305			29.057	454	24.515	1786	23.364	477	33.091	499	28.602	928	32.305	302							38.636	208	33.036	1114
		28.658	1330	35.261	6252					31.884	187	34.155	192					22.979	663	26.537	732							29.820	1731	27.111	111													29.141	320									30.626	746			29.142	1114	24.601	172	23.447	335	34.594	136	28.664	829	32.901	431									33.092	780
		28.734	499	35.405	418					32.021	220	35.254	9069					23.143	380	26.699	290							30.150	130	27.337	1162													29.255	171									31.254	1444			29.255	245	24.772	275	23.515	191	35.253	12523	28.739	356	33.039	1449									34.159	193
		28.857	1021	35.610	1533					32.091	169	35.393	913					23.216	266	26.803	141							30.503	214	27.648	399													29.364	131									32.026	315			29.364	164	24.833	307	23.638	3004	35.391	1056	28.861	572	33.097	468									34.591	139
		28.935	283	40.168	215					32.933	849	35.602	5458					23.294	1554	26.863	134							31.252	1461	27.716	539													29.819	1583									32.088	348			29.648	159	25.049	200	23.705	128	35.600	7292	28.940	148	34.591	141									35.252	9185
		29.055	815							33.039	886	38.632	445					23.364	698	26.958	2508							32.025	112	28.053	363													30.162	160									32.297	413			29.820	2807	25.127	690	23.803	195	38.630	499	29.058	483	35.258	11548									35.388	730
		29.137	428							33.767	175							23.446	448	27.337	1427							32.086	175	28.147	246													30.504	259									32.897	1459			30.003	166	25.187	310	23.926	131			29.142	397	35.392	1006									35.594	6537
		29.251	391							34.163	400							23.513	222	27.648	146							32.898	715	28.244	691													30.716	190									33.038	1406			30.149	136	25.257	127	24.515	1599			29.256	259	35.600	6593									38.623	307
		29.360	236							35.257	6811							23.637	4520	27.714	820							33.033	1334	28.336	412													31.051	139									33.095	647			30.504	798	25.314	1276	24.771	328			29.363	153	38.632	538										
		29.644	116							35.398	449							23.699	142	27.809	101							33.101	222	28.437	3956													31.253	1352									33.346	240			30.631	255	25.364	2600	24.833	303			29.648	123												
		29.817	2691							35.603	1880							23.796	477	28.052	397							33.338	108	28.537	759													32.020	143									33.768	204			30.969	104	25.682	243	25.046	178			29.820	2711												
		29.998	189															23.927	187	28.248	772							35.252	9388	28.598	1149													32.913	817									34.147	289			31.053	235	26.072	128	25.125	712			29.998	196												
		30.148	228															24.298	146	28.336	436							35.392	791	28.657	828													33.036	1321									35.254	9210			31.160	246	26.191	316	25.186	329			30.159	201												
		30.502	223															24.513	3132	28.438	4597							35.597	2663	28.734	336													33.094	137									35.398	865			31.255	2911	26.487	159	25.257	131			30.504	270												
		30.618	296															24.608	305	28.540	592							38.628	356	28.858	597													33.765	157									35.599	5357			31.590	124	26.541	480	25.314	864			30.614	1056												
		30.969	202															24.771	499	28.600	1329									28.936	126													34.158	223									38.634	451			32.025	175	26.705	376	25.363	2964			30.723	455												
		31.050	168															24.833	550	28.661	960									29.054	526													35.254	9882													32.088	645	26.757	120	25.472	136			30.971	113												
		31.251	2436															24.920	126	28.735	378									29.139	500													35.395	825													32.302	378	26.805	320	25.681	157			31.052	202												
		32.082	121															25.047	294	28.858	707									29.254	230													35.598	2672													32.730	110	26.862	293	26.075	120			31.253	2446												
		32.895	745															25.125	1168	28.935	171									29.362	372													38.640	384													32.899	463	26.958	2670	26.192	210			32.025	251												
		33.034	2071															25.186	473	29.055	591									29.819	2113																											33.036	2181	27.052	184	26.484	142			32.087	262												
		33.088	724															25.258	224	29.140	863									30.000	125																											33.090	575	27.102	166	26.541	385			32.512	206												
		33.335	114															25.313	1439	29.252	271									30.150	425																											33.469	133	27.338	1293	26.805	201			32.896	961												
		34.585	280															25.362	4746	29.361	177									30.503	347																											34.138	651	27.650	104	26.860	192			33.034	2106												
		35.250	17723															25.470	249	29.648	119									30.637	213																											34.585	197	27.730	563	26.957	2765			33.093	357												
		35.387	1314															25.623	109	29.819	3059									30.967	281																											34.931	341	27.813	116	27.051	154			33.340	121												
		35.595	10635															25.682	257	29.996	246									31.049	227																											35.255	14037	28.056	595	27.101	165			34.586	282												
		38.626	671															25.902	115	30.163	277									31.251	1964																											35.390	1592	28.145	350	27.339	1400			35.257	16056												
																		26.070	288	30.502	654									31.880	238																											35.602	8474	28.248	929	27.726	369			35.392	1314												
																		26.189	550	30.639	1087									32.085	148																											36.877	602	28.338	512	28.055	358			35.597	9310												
																		26.482	252	30.708	1023									32.311	236																											38.629	1180	28.440	3956	28.119	261			36.847	396												
																		26.536	1367	31.050	207									32.897	1871																											43.185	411	28.542	652	28.249	394			38.630	822												
																		26.720	378	31.252	2994									33.034	1802																													28.600	1027	28.278	207			43.176	411												
																		26.750	245	32.022	313									33.092	914																													28.662	1101	28.341	364																
																		26.805	560	32.083	576									33.344	207																													28.739	493	28.440	4304																
																		26.860	482	32.312	378									33.765	285																													28.860	803	28.541	461																
																		26.956	4827	32.897	2016									34.156	544																													28.937	158	28.600	1021																
																		27.050	317	33.034	2826									34.581	150																													29.056	680	28.661	667																
																		27.102	270	33.088	828									35.252	11668																													29.142	425	28.738	269																
																		27.337	2353	33.339	444									35.387	1100																													29.254	309	28.860	473																
																		27.615	136	33.770	416									35.597	7230																													29.364	213	28.937	105																
																		27.724	749	34.139	672									37.395	195																													29.647	119	29.057	399																
																		27.811	127	34.585	169									38.622	612																													29.821	2226	29.141	317																
																		28.055	734	35.251	16599																																							29.995	342	29.255	197																
																		28.114	553	35.391	1759																																							30.051	105	29.363	223																
																		28.248	683	35.594	9033																																							30.163	264	29.647	125																
																		28.280	562	38.627	1008																																							30.503	255	29.820	2791																
																		28.335	627																																									30.611	1150	29.999	176																
																		28.438	6374																																									30.720	483	30.157	207																
																		28.541	634																																									30.973	107	30.504	187																
																		28.600	15913																																									31.054	177	30.617	611																
																		28.659	186																																									31.150	181	30.972	115																
																		28.737	331																																									31.256	2129	31.053	203																
																		28.858	817																																									31.525	125	31.254	2456																
																		28.937	195																																									31.591	116	32.281	300																
																		29.056	670																																									32.020	325	32.896	934																
																		29.140	589																																									32.085	252	33.036	2127																
																		29.253	343																																									32.900	881	33.097	437																
																		29.362	330																																									33.037	1559	33.338	129																
																		29.519	137																																									33.094	451	33.769	131																
																		29.645	229																																									33.770	121	34.156	113																
																		29.726	137																																									34.161	267	35.255	16670																
																		29.819	4982																																									35.257	14473	35.392	1272																
																		29.918	240																																									35.393	918	35.599	4439																
																		29.997	753																																									35.600	3580	38.632	642																
																		30.047	290																																									38.629	446																		
																		30.164	644																																																												
																		30.503	396																																																												
																		30.652	225																																																												
																		30.718	576																																																												
																		30.873	459																																																												
																		30.973	176																																																												
																		31.051	442																																																												
																		31.254	4062																																																												
																		31.520	204																																																												
																		31.690	206																																																												
																		32.019	352																																																												
																		32.089	284																																																												
																		32.307	524																																																												
																		32.385	115																																																												
																		32.556	444																																																												
																		32.629	131																																																												
																		32.735	410																																																												
																		32.788	170																																																												
																		32.910	774																																																												
																		33.037	3330																																																												
																		33.092	1369																																																												
																		33.319	310																																																												
																		33.770	256																																																												
																		34.152	253																																																												
																		34.592	546																																																												
																		34.764	474																																																												
																		34.934	329																																																												
																		35.254	26648																																																												
																		35.392	2360																																																												
																		35.597	16538																																																												
																		35.926	151																																																												
																		36.159	170																																																												
																		36.337	141																																																												
																		37.450	573																																																												
																		37.768	431																																																												
																		38.631	1500																																																												
																		43.170	630																																																												
